65.256
68.956
72.172
75.372
78.572
81.788
84.988
88.188
91.404
94.604
97.804
101.02
104.22
107.44
110.64
113.86
117.06
120.26
123.47
126.67
129.87
133.09
136.29
139.5
142.72
145.92
149.14
152.34
155.54
158.76
161.95
165.17
168.37
171.59
174.79
177.99
181.2
184.4
187.62
190.82
194.04
197.24
200.44
203.65
206.85
210.07
213.27
216.47
219.69
222.89
226.08
229.3
232.5
235.72
238.92
242.12
245.34
248.54
251.75
254.95
258.15
261.37
264.57
267.77
270.98
274.19
277.4
280.6
283.8
287.02
290.22
293.44
296.64
299.84
303.05
306.25
309.47
312.67
315.87
319.09
322.29
325.5
328.7
331.92
335.12
338.32
341.54
344.74
347.94
351.15
354.37
357.55
363.94
367.17
370.39
373.59
376.79
380
383.2
386.58
389.62
392.84
396.03
399.24
402.45
405.65
408.87
412.07
415.29
418.48
421.7
424.9
428.12
431.32
434.52
440.94
444.14
447.35
450.55
453.75
456.97
460.17
463.38
466.58
469.78
473
476.2
479.44
482.62
485.84
489.04
492.25
495.45
498.65
501.87
505.07
508.28
511.48
514.68
517.9
521.12
524.32
527.54
530.75
533.95
537.14
540.37
543.55
