65.708
69.424
72.624
75.824
79.04
82.24
85.456
88.656
91.872
95.072
98.272
101.49
104.69
107.9
111.1
114.3
117.52
120.72
123.93
127.14
130.34
133.56
136.76
139.97
143.17
146.37
149.59
152.79
155.99
159.2
162.4
165.62
168.82
172.02
175.24
178.44
181.64
184.86
188.06
191.26
194.47
197.67
200.89
204.09
207.29
210.5
213.7
216.92
220.12
223.32
226.54
229.74
232.96
236.16
239.37
242.57
245.79
248.99
252.19
255.4
258.6
261.8
265.02
268.22
271.42
274.64
277.84
281.06
284.26
287.47
290.67
293.87
297.09
300.29
303.49
306.7
309.9
313.1
316.32
319.52
322.74
325.94
329.16
332.35
335.56
338.77
341.97
345.17
348.39
351.59
354.79
358
361.2
364.42
367.62
370.82
374.04
377.24
380.44
383.66
386.87
390.07
393.27
396.47
399.69
402.9
406.1
409.3
412.5
415.72
418.94
422.14
425.34
428.54
431.75
434.95
438.17
441.37
444.59
447.78
450.99
454.2
457.4
460.62
463.82
467.04
470.24
473.44
476.65
479.85
483.05
486.25
489.47
492.67
495.89
499.08
502.29
505.5
508.7
511.92
515.12
518.32
521.54
524.74
527.95
531.15
534.35
537.57
540.77
543.99
