65.92
69.604
72.952
76.032
79.264
82.456
85.796
88.88
92.076
95.252
98.468
101.83
104.91
108.23
111.44
114.52
117.86
121.08
124.14
127.36
130.7
133.78
136.98
140.28
143.5
146.64
149.92
153.02
156.23
159.41
162.76
165.95
169.05
172.27
175.56
178.64
181.98
185.07
188.3
191.47
194.69
197.88
201.11
204.35
207.51
210.72
213.98
217.16
220.36
223.55
226.8
229.98
233.19
236.41
239.58
242.82
246.14
249.24
252.42
255.63
258.86
262.04
265.38
268.61
271.8
274.89
278.2
281.32
284.5
287.83
290.92
294.13
297.35
300.52
303.72
307.07
310.18
313.34
316.61
319.92
323.1
326.16
329.38
332.72
335.95
339
342.25
345.44
348.77
351.86
355.08
358.27
361.46
364.79
368.02
371.11
374.29
377.49
380.69
383.92
387.14
390.32
393.52
396.86
400.07
403.16
406.36
409.61
412.91
416.11
419.2
422.54
425.63
428.83
432.04
435.26
438.44
441.66
444.85
448.05
451.26
454.61
457.66
460.88
464.23
467.42
470.51
473.77
476.91
480.14
483.33
486.57
489.76
492.96
496.2
499.5
502.74
505.93
509.13
512.23
515.54
518.63
521.83
525.16
528.26
531.57
534.66
537.99
541.1
544.41
