65.328
69.14
72.236
75.424
78.64
81.876
85.176
88.396
91.456
94.78
97.872
101.08
104.44
107.61
110.71
113.94
117.24
120.33
123.64
126.75
130.05
133.27
136.34
139.58
142.9
146
149.21
152.53
155.64
158.94
162
165.24
168.55
171.69
174.95
178.17
181.27
184.49
187.71
190.9
194.09
197.33
200.49
203.75
206.96
210.24
213.33
216.56
219.75
222.97
226.27
229.49
232.58
235.91
238.97
242.21
245.43
248.63
251.92
255.03
258.21
261.41
264.64
267.97
271.05
274.27
277.5
280.8
283.9
287.06
290.3
293.52
296.72
299.93
303.12
306.33
309.56
312.87
315.94
319.27
322.5
325.55
328.78
331.99
335.3
338.4
341.61
344.93
348.03
351.34
354.56
357.74
364.02
367.37
370.42
373.78
376.88
380.06
383.4
386.62
389.68
392.93
396.22
399.33
402.65
405.88
408.94
412.18
415.46
418.6
421.77
424.99
428.19
431.36
434.59
441.12
444.22
447.52
450.74
453.94
457.16
460.26
463.45
466.69
469.99
473.07
476.27
479.63
482.81
485.91
489.1
492.32
495.52
498.71
501.97
505.12
508.46
511.59
514.74
518
521.31
524.4
527.63
530.91
534
537.32
540.41
543.6
