65.856
69.556
72.756
75.976
79.176
82.392
85.592
88.808
92.008
95.208
98.424
101.62
104.84
108.04
111.26
114.48
117.68
120.89
124.09
127.29
130.51
133.71
136.91
140.12
143.32
146.54
149.74
152.94
156.16
159.36
162.56
165.77
168.97
172.19
175.39
178.61
181.81
185.02
188.22
191.42
194.64
197.84
201.06
204.26
207.47
210.67
213.89
217.09
220.31
223.51
226.71
229.92
233.12
236.34
239.54
242.76
245.96
249.16
252.37
255.57
258.79
261.99
265.21
268.41
271.61
274.82
278.02
281.24
284.44
287.64
290.86
294.06
297.26
300.47
303.67
306.89
310.09
313.29
316.5
319.72
322.92
326.14
329.34
332.54
335.74
338.96
342.16
345.37
348.57
351.79
354.99
358.21
361.41
364.62
367.82
371.02
374.24
377.44
380.66
383.86
387.07
390.27
393.47
396.69
399.89
403.1
406.3
409.54
412.72
415.92
419.14
422.34
425.54
428.76
431.96
435.17
438.37
441.59
444.79
447.99
451.2
454.4
457.62
460.82
464.04
467.24
470.46
473.66
476.87
480.07
483.29
486.49
489.7
492.9
496.12
499.32
502.54
505.74
508.96
512.16
515.36
518.57
521.77
524.99
528.19
531.39
534.6
537.8
541.02
544.22
