65.808
69.504
72.808
75.896
79.084
82.344
85.62
88.724
92.032
95.12
98.376
101.6
104.74
108.08
111.27
114.36
117.69
120.77
124.12
127.21
130.44
133.65
136.96
140.15
143.22
146.43
149.64
152.87
156.06
159.41
162.59
165.8
169
172.07
175.28
178.52
181.72
185.02
188.12
191.43
194.56
197.76
200.94
204.27
207.37
210.68
213.9
217
220.2
223.43
226.63
229.8
233.13
236.34
239.57
242.76
245.88
249.07
252.37
255.59
258.65
261.88
265.09
268.4
271.5
274.72
277.9
281.24
284.34
287.66
290.85
293.96
297.18
300.35
303.59
306.9
310.01
313.2
316.4
319.59
322.91
326.02
329.22
332.41
335.62
338.85
342.07
345.23
348.56
351.65
354.88
358.09
361.28
364.62
367.68
371
374.22
377.34
380.5
383.76
386.94
390.16
393.46
396.69
399.79
403.1
406.19
409.38
412.72
415.81
419.03
422.2
425.53
428.62
431.85
435.16
438.26
441.56
444.69
447.88
451.09
454.31
457.5
460.71
463.91
467.13
470.34
473.52
476.84
480.04
483.13
486.35
489.65
492.79
495.93
499.29
502.38
505.68
508.76
512.1
515.23
518.53
521.72
524.85
528.13
531.26
534.56
537.78
540.87
544.07
