67.956
71.656
74.852
78.056
81.272
84.472
87.688
90.888
94.104
97.304
100.52
103.74
106.92
110.14
113.34
116.54
119.77
122.95
126.19
129.37
132.6
135.8
138.99
142.2
145.4
148.64
151.82
155.04
158.24
161.44
164.67
167.87
171.07
174.29
177.47
180.7
183.9
187.12
190.32
193.52
196.74
199.94
203.14
206.35
209.55
212.77
215.97
219.17
222.39
225.59
228.8
232
235.2
238.42
241.62
244.82
248.04
251.24
254.45
257.65
260.85
264.07
267.27
270.49
273.69
276.89
280.1
283.3
286.52
289.72
292.92
296.14
299.34
302.55
305.75
308.95
312.17
315.39
318.59
321.79
324.99
328.2
331.4
334.62
337.82
341.04
344.24
347.44
350.65
353.85
357.07
360.27
363.47
366.68
369.88
373.1
376.3
379.52
382.72
385.94
389.14
392.35
395.55
398.75
401.97
405.17
408.37
411.58
414.78
418
421.2
424.4
427.62
430.82
434.04
437.24
440.44
443.65
446.85
450.07
453.27
456.47
459.68
462.88
466.1
469.3
472.52
475.72
478.92
482.14
485.34
488.54
491.75
494.95
498.17
501.37
504.58
507.78
510.98
514.2
517.4
520.62
523.82
527.04
530.24
533.44
536.65
539.85
543.05
546.27
