73.228
76.92
80.232
83.3
86.516
89.76
93.048
96.136
99.48
102.55
105.8
109.02
112.17
115.51
118.74
121.79
125.14
128.21
131.57
134.67
137.86
141.08
144.38
147.58
150.67
153.88
157.08
160.32
163.52
166.83
170.05
173.24
176.45
179.54
182.73
185.98
189.14
192.48
195.58
198.92
202.01
205.18
208.39
211.74
214.86
218.14
221.36
224.45
227.67
230.89
234.08
237.27
240.61
243.8
247.01
250.23
253.33
256.55
259.83
263.05
266.14
269.33
272.55
275.89
278.95
282.2
285.36
288.71
291.83
295.11
298.32
301.46
304.65
307.82
311.05
314.36
317.49
320.64
323.9
327.05
330.39
333.48
336.67
339.9
343.08
346.33
349.55
352.7
356.05
359.11
362.36
365.58
368.74
372.08
375.18
378.48
381.7
384.8
387.99
391.23
394.39
397.64
400.96
404.14
407.27
410.59
413.68
416.83
420.17
423.3
426.49
429.67
433.02
436.08
439.33
442.64
445.74
449.05
452.15
455.36
458.55
461.78
464.99
468.18
471.36
474.58
477.8
480.99
484.3
487.52
490.61
493.84
497.12
500.24
503.43
506.74
509.86
513.15
516.24
519.58
522.68
525.99
529.21
532.3
535.62
538.7
542.02
545.24
548.34
551.55
