66.648
70.424
73.548
76.708
79.92
83.148
86.46
89.672
92.74
96.084
99.176
102.36
105.7
108.92
111.98
115.24
118.52
121.61
124.95
128.02
131.36
134.58
137.64
140.89
144.18
147.3
150.49
153.8
156.93
160.24
163.3
166.52
169.83
172.96
176.24
179.46
182.55
185.77
188.99
192.21
195.36
198.61
201.77
205.02
208.24
211.52
214.62
217.83
221.02
224.24
227.55
230.77
233.86
237.18
240.27
243.49
246.7
249.93
253.21
256.3
259.49
262.71
265.96
269.27
272.34
275.55
278.77
282.08
285.18
288.36
291.56
294.8
298.02
301.21
304.39
307.62
310.83
314.14
317.24
320.56
323.77
326.84
330.05
333.27
336.58
339.68
342.89
346.22
349.3
352.62
355.83
359.05
362.11
365.33
368.64
371.74
375.09
378.14
381.36
384.7
387.9
390.96
394.22
397.53
400.65
403.93
407.15
410.24
413.46
416.77
419.87
423.05
426.28
429.49
432.68
435.87
439.22
442.43
445.52
448.83
452.06
455.25
458.46
461.53
464.77
467.99
471.27
474.37
477.56
480.9
484.12
487.22
490.4
493.62
496.81
500.02
503.24
506.43
509.77
512.86
516.05
519.28
522.59
525.71
528.9
532.22
535.31
538.62
541.71
544.9
