72.684
76.28
79.592
82.712
85.872
89.124
92.436
95.624
98.72
101.94
105.16
108.37
111.53
114.87
118
121.19
124.5
127.59
130.9
134.13
137.22
140.44
143.63
146.81
150.03
153.35
156.44
159.78
163
166.19
169.38
172.5
175.66
178.88
182.09
185.44
188.5
191.75
194.93
198.12
201.35
204.56
207.75
211
214.16
217.5
220.72
223.78
227.04
230.22
233.4
236.62
239.81
243.16
246.24
249.56
252.75
255.97
259.19
262.29
265.5
268.69
272
275.12
278.44
281.5
284.72
288.03
291.26
294.31
297.53
300.87
303.97
307.28
310.38
313.69
316.78
319.97
323.22
326.4
329.63
332.94
336.04
339.35
342.56
345.63
348.87
352.06
355.38
358.6
361.69
364.88
368.13
371.28
374.63
377.84
381.03
384.17
387.44
390.57
393.78
396.97
400.16
403.34
406.6
409.9
412.97
416.32
419.41
422.72
425.82
429.03
432.25
435.44
438.63
441.85
445.19
448.38
451.6
454.69
457.91
461.07
464.42
467.47
470.72
474.03
477.22
480.44
483.54
486.85
489.94
493.16
496.47
499.56
502.79
506
509.32
512.5
515.6
518.79
522.12
525.19
528.54
531.63
534.85
538.04
541.22
544.47
547.76
550.86
