70.636
74.352
77.552
80.768
83.968
87.168
90.384
93.6
96.8
100
103.2
106.42
109.62
112.84
116.03
119.25
122.45
125.65
128.86
132.07
135.28
138.48
141.7
144.9
148.1
151.32
154.52
157.72
160.93
164.13
167.35
170.55
173.75
176.97
180.17
183.37
186.58
189.78
192.98
196.2
199.4
202.62
205.82
209.02
212.23
215.43
218.65
221.85
225.07
228.27
231.46
234.68
237.88
241.1
244.3
247.5
250.72
253.95
257.13
260.35
263.55
266.77
269.97
273.18
276.38
279.58
282.8
286
289.22
292.42
295.63
298.83
302.05
305.25
308.45
311.67
314.86
318.08
321.28
324.48
327.68
330.9
334.1
337.32
340.52
343.73
346.93
350.15
353.35
356.55
359.77
362.97
366.17
369.38
372.58
375.8
379
382.22
385.42
388.63
391.83
395.03
398.25
401.45
404.65
407.86
411.06
414.28
417.48
420.68
423.9
427.1
430.32
433.52
436.73
439.93
443.13
446.35
449.55
452.76
455.96
459.16
462.38
465.58
468.8
472
475.2
478.42
481.62
484.83
488.03
491.25
494.45
497.65
500.86
504.06
507.26
510.48
513.68
516.9
520.1
523.32
526.52
529.73
532.93
536.13
539.33
542.55
545.75
548.95
