72.492
76.192
79.408
82.608
85.828
89.028
92.244
95.444
98.66
101.84
105.06
108.28
111.48
114.69
117.89
121.09
124.33
127.53
130.73
133.93
137.13
140.34
143.54
146.74
149.96
153.18
156.38
159.59
162.79
166.01
169.21
172.41
175.63
178.82
182.04
185.24
188.44
191.66
194.86
198.08
201.28
204.49
207.69
210.89
214.11
217.31
220.52
223.72
226.94
230.14
233.34
236.54
239.76
242.96
246.18
249.38
252.58
255.79
258.99
262.21
265.41
268.62
271.82
275.02
278.24
281.44
284.64
287.86
291.06
294.28
297.48
300.68
303.89
307.11
310.31
313.51
316.71
319.92
323.12
326.34
329.54
332.76
335.96
339.16
342.38
345.58
348.79
351.99
355.19
358.41
361.61
364.82
368.02
371.24
374.44
377.64
380.86
384.06
387.28
390.48
393.68
396.89
400.09
403.29
406.51
409.71
412.92
416.12
419.34
422.54
425.74
428.96
432.16
435.38
438.58
441.78
444.99
448.19
451.39
454.61
457.81
461.02
464.22
467.42
470.64
473.84
477.04
480.26
483.46
486.68
489.88
493.08
496.29
499.49
502.69
505.91
509.11
512.31
515.52
518.72
521.94
525.14
528.34
531.56
534.76
537.98
541.18
544.38
547.59
550.79
