70.716
74.384
77.748
80.812
84.064
87.244
90.564
93.656
96.844
100.06
103.26
106.59
109.69
113
116.22
119.28
122.63
125.84
128.91
132.14
135.47
138.56
141.75
145.1
148.28
151.39
154.69
157.83
161
164.19
167.53
170.72
173.81
177.03
180.34
183.44
186.75
189.84
193.07
196.26
199.46
202.66
205.88
209.1
212.28
215.52
218.72
221.94
225.13
228.33
231.56
234.72
237.97
241.19
244.35
247.6
250.91
254.04
257.2
260.39
263.6
266.82
270.14
273.34
276.56
279.7
282.97
286.08
289.28
292.6
295.69
298.91
302.14
305.32
308.52
311.84
314.95
318.14
321.38
324.66
327.89
330.94
334.16
337.5
340.72
343.76
347.02
350.22
353.53
356.6
359.85
363.04
366.22
369.57
372.78
375.89
379.06
382.26
385.47
388.69
391.88
395.1
398.28
401.63
404.85
407.91
411.14
414.34
417.66
420.88
423.94
427.29
430.39
433.6
436.82
440.02
443.19
446.44
449.6
452.82
456.04
459.35
462.44
465.64
468.97
472.19
475.26
478.5
481.66
484.88
488.1
491.32
494.51
497.72
500.96
504.25
507.48
510.66
513.88
516.97
520.29
523.35
526.57
529.91
533.01
536.33
539.39
542.73
545.85
549.14
