66.752
70.452
73.652
76.852
80.068
83.268
86.488
89.688
92.904
96.104
99.304
102.52
105.72
108.94
112.14
115.34
118.55
121.75
124.97
128.17
131.37
134.58
137.78
141
144.2
147.4
150.6
153.82
157.02
160.22
163.43
166.64
169.85
173.05
176.25
179.47
182.67
185.88
189.08
192.28
195.5
198.7
201.92
205.12
208.34
211.54
214.74
217.95
221.15
224.35
227.57
230.77
233.98
237.18
240.38
243.6
246.8
250.02
253.22
256.44
259.64
262.85
266.05
269.25
272.47
275.67
278.88
282.08
285.3
288.5
291.72
294.92
298.12
301.34
304.54
307.75
310.95
314.15
317.37
320.57
323.78
326.98
330.2
333.4
336.6
339.82
343.02
346.24
349.44
352.64
355.85
359.07
362.27
365.47
368.67
371.88
375.08
378.3
381.5
384.7
387.92
391.12
394.34
397.54
400.75
403.95
407.15
410.37
413.57
416.78
419.98
423.2
426.4
429.6
432.82
436.02
439.24
442.44
445.65
448.85
452.05
455.27
458.47
461.68
464.88
468.1
471.3
474.52
477.72
480.92
484.14
487.34
490.55
493.75
496.95
500.17
503.37
506.58
509.78
513
516.2
519.42
522.62
525.82
529.02
532.23
535.45
538.65
541.85
545.07
