66.544
70.244
73.46
76.66
79.88
83.08
86.296
89.496
92.696
95.912
99.112
102.33
105.53
108.73
111.94
115.14
118.36
121.56
124.78
127.98
131.18
134.39
137.6
140.81
144.01
147.21
150.43
153.63
156.84
160.04
163.24
166.44
169.66
172.86
176.08
179.28
182.5
185.7
188.9
192.11
195.31
198.53
201.73
204.93
208.14
211.34
214.56
217.76
220.96
224.18
227.38
230.6
233.8
237
240.2
243.41
246.63
249.83
253.03
256.24
259.44
262.66
265.86
269.08
272.28
275.48
278.68
281.9
285.1
288.29
291.51
294.71
297.93
301.13
304.34
307.54
310.76
313.96
317.18
320.38
323.58
326.79
329.99
333.19
336.41
339.61
342.83
346.03
349.23
352.44
355.64
358.86
362.06
365.26
368.48
371.68
374.89
378.09
381.29
384.51
387.71
390.93
394.13
397.34
400.54
403.76
406.96
410.16
413.38
416.58
419.79
422.99
426.19
429.41
432.61
435.83
439.03
442.23
445.44
448.64
451.86
455.06
458.26
461.48
464.68
467.89
471.09
474.31
477.51
480.73
483.93
487.13
490.34
493.54
496.74
499.96
503.16
506.38
509.58
512.79
515.99
519.19
522.41
525.61
528.83
532.03
535.24
538.44
541.64
544.86
