66.912
70.532
73.844
76.94
80.128
83.312
86.56
89.876
92.968
96.164
99.376
102.56
105.9
108.97
112.31
115.5
118.72
121.85
125.13
128.22
131.56
134.75
137.84
141.03
144.25
147.59
150.69
154.01
157.06
160.32
163.48
166.82
170.03
173.13
176.34
179.54
182.75
185.94
189.12
192.47
195.69
198.75
201.97
205.19
208.41
211.6
214.79
218
221.35
224.42
227.75
230.98
234.07
237.26
240.56
243.69
246.9
250.06
253.32
256.62
259.81
263.04
266.1
269.35
272.56
275.75
278.98
282.16
285.47
288.57
291.82
295
298.2
301.5
304.72
307.85
311
314.25
317.56
320.63
323.84
327.19
330.29
333.57
336.69
339.92
343.06
346.28
349.5
352.86
356.04
359.13
362.35
365.66
368.72
372.07
375.29
378.47
381.69
384.78
388.01
391.32
394.38
397.63
400.94
404.04
407.23
410.56
413.66
416.97
420.07
423.29
426.6
429.78
433
436.22
439.28
442.51
445.82
449.04
452.14
455.32
458.56
461.73
464.97
468.2
471.38
474.57
477.82
481.01
484.2
487.38
490.6
493.95
497.04
500.23
503.47
506.66
509.85
513.04
516.38
519.5
522.69
525.88
529.1
532.32
535.54
538.76
542.03
545.16
