73.136
76.852
80.052
83.268
86.468
89.684
92.884
96.1
99.3
102.5
105.72
108.92
112.14
115.34
118.55
121.75
124.97
128.17
131.38
134.58
137.78
141
144.2
147.42
150.62
153.82
157.04
160.24
163.45
166.65
169.85
173.07
176.28
179.48
182.68
185.9
189.1
192.3
195.52
198.72
201.94
205.14
208.35
211.55
214.77
217.97
221.18
224.38
227.58
230.8
234.02
237.22
240.42
243.64
246.84
250.05
253.25
256.45
259.66
262.87
266.07
269.28
272.48
275.7
278.9
282.12
285.32
288.53
291.73
294.95
298.15
301.37
304.56
307.77
310.97
314.18
317.38
320.6
323.8
327
330.22
333.42
336.62
339.83
343.03
346.25
349.45
352.67
355.87
359.07
362.28
365.48
368.7
371.9
375.1
378.32
381.52
384.72
387.93
391.13
394.35
397.55
400.76
403.97
407.17
410.38
413.58
416.78
420
423.2
426.42
429.62
432.83
436.03
439.23
442.45
445.65
448.85
452.07
455.27
458.47
461.67
464.88
468.08
471.3
474.5
477.7
480.92
484.12
487.33
490.53
493.73
496.95
500.15
503.35
506.57
509.77
512.98
516.18
519.4
522.6
525.8
529.02
532.22
535.43
538.63
541.85
545.05
548.25
551.46
