68.032
71.752
74.912
78.152
81.344
84.568
87.748
91.092
94.28
97.412
100.6
103.91
107.12
110.19
113.41
116.66
119.84
123.16
126.38
129.48
132.78
135.85
139.09
142.28
145.47
148.72
151.91
155.1
158.35
161.63
164.85
167.94
171.25
174.47
177.56
180.79
184.09
187.19
190.41
193.56
196.79
200.01
203.22
206.44
209.6
212.85
216.04
219.25
222.47
225.66
228.98
232.09
235.26
238.47
241.69
244.88
248.07
251.28
254.54
257.73
260.94
264.16
267.35
270.66
273.76
277.07
280.28
283.35
286.56
289.91
292.97
296.19
299.54
302.72
305.84
309.01
312.23
315.48
318.66
321.88
325.16
328.26
331.6
334.79
338
341.22
344.29
347.5
350.69
353.91
357.25
360.48
363.56
366.88
369.94
373.28
376.41
379.56
382.91
386
389.22
392.44
395.73
398.94
402.04
405.35
408.44
411.66
414.85
418.04
421.29
424.47
427.79
431.01
434.1
437.32
440.64
443.82
446.92
450.26
453.35
456.54
459.88
462.94
466.16
469.42
472.57
475.91
479.01
482.32
485.54
488.6
491.82
495.01
498.26
501.44
504.63
507.98
511.04
514.26
517.6
520.7
523.88
527.22
530.32
533.63
536.73
539.92
543.26
546.44
